enable sve
depth: 64
[120.07644271850586]
depth: 64
[120.07644271850586, 32.98819875717163]
depth: 64
[120.07644271850586, 32.98819875717163, 18.90713107585907]
depth: 64
[120.07644271850586, 32.98819875717163, 18.90713107585907, 12.200891256332397]
depth: 64
[120.07644271850586, 32.98819875717163, 18.90713107585907, 12.200891256332397, 9.35740315914154]
depth: 64
[120.07644271850586, 32.98819875717163, 18.90713107585907, 12.200891256332397, 9.35740315914154, 8.238931775093079]
depth: 64
[120.07644271850586, 32.98819875717163, 18.90713107585907, 12.200891256332397, 9.35740315914154, 8.238931775093079, 120.86937594413757]
depth: 64
[120.07644271850586, 32.98819875717163, 18.90713107585907, 12.200891256332397, 9.35740315914154, 8.238931775093079, 120.86937594413757, 33.99598515033722]
depth: 64
[120.07644271850586, 32.98819875717163, 18.90713107585907, 12.200891256332397, 9.35740315914154, 8.238931775093079, 120.86937594413757, 33.99598515033722, 19.358558177947998]
depth: 64
[120.07644271850586, 32.98819875717163, 18.90713107585907, 12.200891256332397, 9.35740315914154, 8.238931775093079, 120.86937594413757, 33.99598515033722, 19.358558177947998, 12.401256442070007]
depth: 64
[120.07644271850586, 32.98819875717163, 18.90713107585907, 12.200891256332397, 9.35740315914154, 8.238931775093079, 120.86937594413757, 33.99598515033722, 19.358558177947998, 12.401256442070007, 9.434131979942322]
depth: 64
[120.07644271850586, 32.98819875717163, 18.90713107585907, 12.200891256332397, 9.35740315914154, 8.238931775093079, 120.86937594413757, 33.99598515033722, 19.358558177947998, 12.401256442070007, 9.434131979942322, 8.276291370391846]
depth: 64
[120.07644271850586, 32.98819875717163, 18.90713107585907, 12.200891256332397, 9.35740315914154, 8.238931775093079, 120.86937594413757, 33.99598515033722, 19.358558177947998, 12.401256442070007, 9.434131979942322, 8.276291370391846, 121.21733689308167]
depth: 64
[120.07644271850586, 32.98819875717163, 18.90713107585907, 12.200891256332397, 9.35740315914154, 8.238931775093079, 120.86937594413757, 33.99598515033722, 19.358558177947998, 12.401256442070007, 9.434131979942322, 8.276291370391846, 121.21733689308167, 33.40434122085571]
depth: 64
[120.07644271850586, 32.98819875717163, 18.90713107585907, 12.200891256332397, 9.35740315914154, 8.238931775093079, 120.86937594413757, 33.99598515033722, 19.358558177947998, 12.401256442070007, 9.434131979942322, 8.276291370391846, 121.21733689308167, 33.40434122085571, 19.59317111968994]
depth: 64
[120.07644271850586, 32.98819875717163, 18.90713107585907, 12.200891256332397, 9.35740315914154, 8.238931775093079, 120.86937594413757, 33.99598515033722, 19.358558177947998, 12.401256442070007, 9.434131979942322, 8.276291370391846, 121.21733689308167, 33.40434122085571, 19.59317111968994, 12.403756856918335]
depth: 64
[120.07644271850586, 32.98819875717163, 18.90713107585907, 12.200891256332397, 9.35740315914154, 8.238931775093079, 120.86937594413757, 33.99598515033722, 19.358558177947998, 12.401256442070007, 9.434131979942322, 8.276291370391846, 121.21733689308167, 33.40434122085571, 19.59317111968994, 12.403756856918335, 9.422343611717224]
depth: 64
[120.07644271850586, 32.98819875717163, 18.90713107585907, 12.200891256332397, 9.35740315914154, 8.238931775093079, 120.86937594413757, 33.99598515033722, 19.358558177947998, 12.401256442070007, 9.434131979942322, 8.276291370391846, 121.21733689308167, 33.40434122085571, 19.59317111968994, 12.403756856918335, 9.422343611717224, 8.271315336227417]
depth: 64
[120.07644271850586, 32.98819875717163, 18.90713107585907, 12.200891256332397, 9.35740315914154, 8.238931775093079, 120.86937594413757, 33.99598515033722, 19.358558177947998, 12.401256442070007, 9.434131979942322, 8.276291370391846, 121.21733689308167, 33.40434122085571, 19.59317111968994, 12.403756856918335, 9.422343611717224, 8.271315336227417, 187.394779920578]
depth: 64
[120.07644271850586, 32.98819875717163, 18.90713107585907, 12.200891256332397, 9.35740315914154, 8.238931775093079, 120.86937594413757, 33.99598515033722, 19.358558177947998, 12.401256442070007, 9.434131979942322, 8.276291370391846, 121.21733689308167, 33.40434122085571, 19.59317111968994, 12.403756856918335, 9.422343611717224, 8.271315336227417, 187.394779920578, 47.99354290962219]
depth: 64
[120.07644271850586, 32.98819875717163, 18.90713107585907, 12.200891256332397, 9.35740315914154, 8.238931775093079, 120.86937594413757, 33.99598515033722, 19.358558177947998, 12.401256442070007, 9.434131979942322, 8.276291370391846, 121.21733689308167, 33.40434122085571, 19.59317111968994, 12.403756856918335, 9.422343611717224, 8.271315336227417, 187.394779920578, 47.99354290962219, 25.721131086349487]
depth: 64
[120.07644271850586, 32.98819875717163, 18.90713107585907, 12.200891256332397, 9.35740315914154, 8.238931775093079, 120.86937594413757, 33.99598515033722, 19.358558177947998, 12.401256442070007, 9.434131979942322, 8.276291370391846, 121.21733689308167, 33.40434122085571, 19.59317111968994, 12.403756856918335, 9.422343611717224, 8.271315336227417, 187.394779920578, 47.99354290962219, 25.721131086349487, 14.623000621795654]
depth: 64
[120.07644271850586, 32.98819875717163, 18.90713107585907, 12.200891256332397, 9.35740315914154, 8.238931775093079, 120.86937594413757, 33.99598515033722, 19.358558177947998, 12.401256442070007, 9.434131979942322, 8.276291370391846, 121.21733689308167, 33.40434122085571, 19.59317111968994, 12.403756856918335, 9.422343611717224, 8.271315336227417, 187.394779920578, 47.99354290962219, 25.721131086349487, 14.623000621795654, 9.174955606460571]
depth: 64
[120.07644271850586, 32.98819875717163, 18.90713107585907, 12.200891256332397, 9.35740315914154, 8.238931775093079, 120.86937594413757, 33.99598515033722, 19.358558177947998, 12.401256442070007, 9.434131979942322, 8.276291370391846, 121.21733689308167, 33.40434122085571, 19.59317111968994, 12.403756856918335, 9.422343611717224, 8.271315336227417, 187.394779920578, 47.99354290962219, 25.721131086349487, 14.623000621795654, 9.174955606460571, 6.587278962135315]
depth: 64
[120.07644271850586, 32.98819875717163, 18.90713107585907, 12.200891256332397, 9.35740315914154, 8.238931775093079, 120.86937594413757, 33.99598515033722, 19.358558177947998, 12.401256442070007, 9.434131979942322, 8.276291370391846, 121.21733689308167, 33.40434122085571, 19.59317111968994, 12.403756856918335, 9.422343611717224, 8.271315336227417, 187.394779920578, 47.99354290962219, 25.721131086349487, 14.623000621795654, 9.174955606460571, 6.587278962135315, 186.70930469036102]
depth: 64
[120.07644271850586, 32.98819875717163, 18.90713107585907, 12.200891256332397, 9.35740315914154, 8.238931775093079, 120.86937594413757, 33.99598515033722, 19.358558177947998, 12.401256442070007, 9.434131979942322, 8.276291370391846, 121.21733689308167, 33.40434122085571, 19.59317111968994, 12.403756856918335, 9.422343611717224, 8.271315336227417, 187.394779920578, 47.99354290962219, 25.721131086349487, 14.623000621795654, 9.174955606460571, 6.587278962135315, 186.70930469036102, 48.388009905815125]
depth: 64
[120.07644271850586, 32.98819875717163, 18.90713107585907, 12.200891256332397, 9.35740315914154, 8.238931775093079, 120.86937594413757, 33.99598515033722, 19.358558177947998, 12.401256442070007, 9.434131979942322, 8.276291370391846, 121.21733689308167, 33.40434122085571, 19.59317111968994, 12.403756856918335, 9.422343611717224, 8.271315336227417, 187.394779920578, 47.99354290962219, 25.721131086349487, 14.623000621795654, 9.174955606460571, 6.587278962135315, 186.70930469036102, 48.388009905815125, 25.727598547935486]
depth: 64
[120.07644271850586, 32.98819875717163, 18.90713107585907, 12.200891256332397, 9.35740315914154, 8.238931775093079, 120.86937594413757, 33.99598515033722, 19.358558177947998, 12.401256442070007, 9.434131979942322, 8.276291370391846, 121.21733689308167, 33.40434122085571, 19.59317111968994, 12.403756856918335, 9.422343611717224, 8.271315336227417, 187.394779920578, 47.99354290962219, 25.721131086349487, 14.623000621795654, 9.174955606460571, 6.587278962135315, 186.70930469036102, 48.388009905815125, 25.727598547935486, 14.665538549423218]
depth: 64
[120.07644271850586, 32.98819875717163, 18.90713107585907, 12.200891256332397, 9.35740315914154, 8.238931775093079, 120.86937594413757, 33.99598515033722, 19.358558177947998, 12.401256442070007, 9.434131979942322, 8.276291370391846, 121.21733689308167, 33.40434122085571, 19.59317111968994, 12.403756856918335, 9.422343611717224, 8.271315336227417, 187.394779920578, 47.99354290962219, 25.721131086349487, 14.623000621795654, 9.174955606460571, 6.587278962135315, 186.70930469036102, 48.388009905815125, 25.727598547935486, 14.665538549423218, 9.222627758979797]
depth: 64
[120.07644271850586, 32.98819875717163, 18.90713107585907, 12.200891256332397, 9.35740315914154, 8.238931775093079, 120.86937594413757, 33.99598515033722, 19.358558177947998, 12.401256442070007, 9.434131979942322, 8.276291370391846, 121.21733689308167, 33.40434122085571, 19.59317111968994, 12.403756856918335, 9.422343611717224, 8.271315336227417, 187.394779920578, 47.99354290962219, 25.721131086349487, 14.623000621795654, 9.174955606460571, 6.587278962135315, 186.70930469036102, 48.388009905815125, 25.727598547935486, 14.665538549423218, 9.222627758979797, 6.684150576591492]
depth: 64
[120.07644271850586, 32.98819875717163, 18.90713107585907, 12.200891256332397, 9.35740315914154, 8.238931775093079, 120.86937594413757, 33.99598515033722, 19.358558177947998, 12.401256442070007, 9.434131979942322, 8.276291370391846, 121.21733689308167, 33.40434122085571, 19.59317111968994, 12.403756856918335, 9.422343611717224, 8.271315336227417, 187.394779920578, 47.99354290962219, 25.721131086349487, 14.623000621795654, 9.174955606460571, 6.587278962135315, 186.70930469036102, 48.388009905815125, 25.727598547935486, 14.665538549423218, 9.222627758979797, 6.684150576591492, 420.40323662757874]
depth: 64
[120.07644271850586, 32.98819875717163, 18.90713107585907, 12.200891256332397, 9.35740315914154, 8.238931775093079, 120.86937594413757, 33.99598515033722, 19.358558177947998, 12.401256442070007, 9.434131979942322, 8.276291370391846, 121.21733689308167, 33.40434122085571, 19.59317111968994, 12.403756856918335, 9.422343611717224, 8.271315336227417, 187.394779920578, 47.99354290962219, 25.721131086349487, 14.623000621795654, 9.174955606460571, 6.587278962135315, 186.70930469036102, 48.388009905815125, 25.727598547935486, 14.665538549423218, 9.222627758979797, 6.684150576591492, 420.40323662757874, 106.7764790058136]
depth: 64
[120.07644271850586, 32.98819875717163, 18.90713107585907, 12.200891256332397, 9.35740315914154, 8.238931775093079, 120.86937594413757, 33.99598515033722, 19.358558177947998, 12.401256442070007, 9.434131979942322, 8.276291370391846, 121.21733689308167, 33.40434122085571, 19.59317111968994, 12.403756856918335, 9.422343611717224, 8.271315336227417, 187.394779920578, 47.99354290962219, 25.721131086349487, 14.623000621795654, 9.174955606460571, 6.587278962135315, 186.70930469036102, 48.388009905815125, 25.727598547935486, 14.665538549423218, 9.222627758979797, 6.684150576591492, 420.40323662757874, 106.7764790058136, 55.344566822052]
depth: 64
[120.07644271850586, 32.98819875717163, 18.90713107585907, 12.200891256332397, 9.35740315914154, 8.238931775093079, 120.86937594413757, 33.99598515033722, 19.358558177947998, 12.401256442070007, 9.434131979942322, 8.276291370391846, 121.21733689308167, 33.40434122085571, 19.59317111968994, 12.403756856918335, 9.422343611717224, 8.271315336227417, 187.394779920578, 47.99354290962219, 25.721131086349487, 14.623000621795654, 9.174955606460571, 6.587278962135315, 186.70930469036102, 48.388009905815125, 25.727598547935486, 14.665538549423218, 9.222627758979797, 6.684150576591492, 420.40323662757874, 106.7764790058136, 55.344566822052, 29.59571647644043]
depth: 64
[120.07644271850586, 32.98819875717163, 18.90713107585907, 12.200891256332397, 9.35740315914154, 8.238931775093079, 120.86937594413757, 33.99598515033722, 19.358558177947998, 12.401256442070007, 9.434131979942322, 8.276291370391846, 121.21733689308167, 33.40434122085571, 19.59317111968994, 12.403756856918335, 9.422343611717224, 8.271315336227417, 187.394779920578, 47.99354290962219, 25.721131086349487, 14.623000621795654, 9.174955606460571, 6.587278962135315, 186.70930469036102, 48.388009905815125, 25.727598547935486, 14.665538549423218, 9.222627758979797, 6.684150576591492, 420.40323662757874, 106.7764790058136, 55.344566822052, 29.59571647644043, 16.78308618068695]
depth: 64
[120.07644271850586, 32.98819875717163, 18.90713107585907, 12.200891256332397, 9.35740315914154, 8.238931775093079, 120.86937594413757, 33.99598515033722, 19.358558177947998, 12.401256442070007, 9.434131979942322, 8.276291370391846, 121.21733689308167, 33.40434122085571, 19.59317111968994, 12.403756856918335, 9.422343611717224, 8.271315336227417, 187.394779920578, 47.99354290962219, 25.721131086349487, 14.623000621795654, 9.174955606460571, 6.587278962135315, 186.70930469036102, 48.388009905815125, 25.727598547935486, 14.665538549423218, 9.222627758979797, 6.684150576591492, 420.40323662757874, 106.7764790058136, 55.344566822052, 29.59571647644043, 16.78308618068695, 10.264154314994812]
depth: 64
[181.1078917980194]
depth: 64
[181.1078917980194, 52.402708649635315]
depth: 64
[181.1078917980194, 52.402708649635315, 28.20627450942993]
depth: 64
[181.1078917980194, 52.402708649635315, 28.20627450942993, 15.974974393844604]
depth: 64
[181.1078917980194, 52.402708649635315, 28.20627450942993, 15.974974393844604, 9.979936361312866]
depth: 64
[181.1078917980194, 52.402708649635315, 28.20627450942993, 15.974974393844604, 9.979936361312866, 8.086903929710388]
depth: 64
[181.1078917980194, 52.402708649635315, 28.20627450942993, 15.974974393844604, 9.979936361312866, 8.086903929710388, 177.91673517227173]
depth: 64
[181.1078917980194, 52.402708649635315, 28.20627450942993, 15.974974393844604, 9.979936361312866, 8.086903929710388, 177.91673517227173, 52.20106291770935]
depth: 64
[181.1078917980194, 52.402708649635315, 28.20627450942993, 15.974974393844604, 9.979936361312866, 8.086903929710388, 177.91673517227173, 52.20106291770935, 28.041611194610596]
depth: 64
[181.1078917980194, 52.402708649635315, 28.20627450942993, 15.974974393844604, 9.979936361312866, 8.086903929710388, 177.91673517227173, 52.20106291770935, 28.041611194610596, 15.893409490585327]
depth: 64
[181.1078917980194, 52.402708649635315, 28.20627450942993, 15.974974393844604, 9.979936361312866, 8.086903929710388, 177.91673517227173, 52.20106291770935, 28.041611194610596, 15.893409490585327, 9.919304132461548]
depth: 64
[181.1078917980194, 52.402708649635315, 28.20627450942993, 15.974974393844604, 9.979936361312866, 8.086903929710388, 177.91673517227173, 52.20106291770935, 28.041611194610596, 15.893409490585327, 9.919304132461548, 8.127171397209167]
depth: 64
[181.1078917980194, 52.402708649635315, 28.20627450942993, 15.974974393844604, 9.979936361312866, 8.086903929710388, 177.91673517227173, 52.20106291770935, 28.041611194610596, 15.893409490585327, 9.919304132461548, 8.127171397209167, 170.3345786333084]
depth: 64
[181.1078917980194, 52.402708649635315, 28.20627450942993, 15.974974393844604, 9.979936361312866, 8.086903929710388, 177.91673517227173, 52.20106291770935, 28.041611194610596, 15.893409490585327, 9.919304132461548, 8.127171397209167, 170.3345786333084, 51.44576978683472]
depth: 64
[181.1078917980194, 52.402708649635315, 28.20627450942993, 15.974974393844604, 9.979936361312866, 8.086903929710388, 177.91673517227173, 52.20106291770935, 28.041611194610596, 15.893409490585327, 9.919304132461548, 8.127171397209167, 170.3345786333084, 51.44576978683472, 28.17778992652893]
depth: 64
[181.1078917980194, 52.402708649635315, 28.20627450942993, 15.974974393844604, 9.979936361312866, 8.086903929710388, 177.91673517227173, 52.20106291770935, 28.041611194610596, 15.893409490585327, 9.919304132461548, 8.127171397209167, 170.3345786333084, 51.44576978683472, 28.17778992652893, 15.867684602737427]
depth: 64
[181.1078917980194, 52.402708649635315, 28.20627450942993, 15.974974393844604, 9.979936361312866, 8.086903929710388, 177.91673517227173, 52.20106291770935, 28.041611194610596, 15.893409490585327, 9.919304132461548, 8.127171397209167, 170.3345786333084, 51.44576978683472, 28.17778992652893, 15.867684602737427, 9.951155543327332]
depth: 64
[181.1078917980194, 52.402708649635315, 28.20627450942993, 15.974974393844604, 9.979936361312866, 8.086903929710388, 177.91673517227173, 52.20106291770935, 28.041611194610596, 15.893409490585327, 9.919304132461548, 8.127171397209167, 170.3345786333084, 51.44576978683472, 28.17778992652893, 15.867684602737427, 9.951155543327332, 8.070181369781494]
depth: 64
[181.1078917980194, 52.402708649635315, 28.20627450942993, 15.974974393844604, 9.979936361312866, 8.086903929710388, 177.91673517227173, 52.20106291770935, 28.041611194610596, 15.893409490585327, 9.919304132461548, 8.127171397209167, 170.3345786333084, 51.44576978683472, 28.17778992652893, 15.867684602737427, 9.951155543327332, 8.070181369781494, 388.99961292743683]
depth: 64
[181.1078917980194, 52.402708649635315, 28.20627450942993, 15.974974393844604, 9.979936361312866, 8.086903929710388, 177.91673517227173, 52.20106291770935, 28.041611194610596, 15.893409490585327, 9.919304132461548, 8.127171397209167, 170.3345786333084, 51.44576978683472, 28.17778992652893, 15.867684602737427, 9.951155543327332, 8.070181369781494, 388.99961292743683, 100.06738555431366]
depth: 64
[181.1078917980194, 52.402708649635315, 28.20627450942993, 15.974974393844604, 9.979936361312866, 8.086903929710388, 177.91673517227173, 52.20106291770935, 28.041611194610596, 15.893409490585327, 9.919304132461548, 8.127171397209167, 170.3345786333084, 51.44576978683472, 28.17778992652893, 15.867684602737427, 9.951155543327332, 8.070181369781494, 388.99961292743683, 100.06738555431366, 51.7613080739975]
depth: 64
[181.1078917980194, 52.402708649635315, 28.20627450942993, 15.974974393844604, 9.979936361312866, 8.086903929710388, 177.91673517227173, 52.20106291770935, 28.041611194610596, 15.893409490585327, 9.919304132461548, 8.127171397209167, 170.3345786333084, 51.44576978683472, 28.17778992652893, 15.867684602737427, 9.951155543327332, 8.070181369781494, 388.99961292743683, 100.06738555431366, 51.7613080739975, 27.631123542785645]
depth: 64
[181.1078917980194, 52.402708649635315, 28.20627450942993, 15.974974393844604, 9.979936361312866, 8.086903929710388, 177.91673517227173, 52.20106291770935, 28.041611194610596, 15.893409490585327, 9.919304132461548, 8.127171397209167, 170.3345786333084, 51.44576978683472, 28.17778992652893, 15.867684602737427, 9.951155543327332, 8.070181369781494, 388.99961292743683, 100.06738555431366, 51.7613080739975, 27.631123542785645, 15.617958188056946]
depth: 64
[181.1078917980194, 52.402708649635315, 28.20627450942993, 15.974974393844604, 9.979936361312866, 8.086903929710388, 177.91673517227173, 52.20106291770935, 28.041611194610596, 15.893409490585327, 9.919304132461548, 8.127171397209167, 170.3345786333084, 51.44576978683472, 28.17778992652893, 15.867684602737427, 9.951155543327332, 8.070181369781494, 388.99961292743683, 100.06738555431366, 51.7613080739975, 27.631123542785645, 15.617958188056946, 9.518177151679993]
depth: 64
[181.1078917980194, 52.402708649635315, 28.20627450942993, 15.974974393844604, 9.979936361312866, 8.086903929710388, 177.91673517227173, 52.20106291770935, 28.041611194610596, 15.893409490585327, 9.919304132461548, 8.127171397209167, 170.3345786333084, 51.44576978683472, 28.17778992652893, 15.867684602737427, 9.951155543327332, 8.070181369781494, 388.99961292743683, 100.06738555431366, 51.7613080739975, 27.631123542785645, 15.617958188056946, 9.518177151679993, 390.2129353284836]
depth: 64
[181.1078917980194, 52.402708649635315, 28.20627450942993, 15.974974393844604, 9.979936361312866, 8.086903929710388, 177.91673517227173, 52.20106291770935, 28.041611194610596, 15.893409490585327, 9.919304132461548, 8.127171397209167, 170.3345786333084, 51.44576978683472, 28.17778992652893, 15.867684602737427, 9.951155543327332, 8.070181369781494, 388.99961292743683, 100.06738555431366, 51.7613080739975, 27.631123542785645, 15.617958188056946, 9.518177151679993, 390.2129353284836, 100.25042355060577]
depth: 64
[181.1078917980194, 52.402708649635315, 28.20627450942993, 15.974974393844604, 9.979936361312866, 8.086903929710388, 177.91673517227173, 52.20106291770935, 28.041611194610596, 15.893409490585327, 9.919304132461548, 8.127171397209167, 170.3345786333084, 51.44576978683472, 28.17778992652893, 15.867684602737427, 9.951155543327332, 8.070181369781494, 388.99961292743683, 100.06738555431366, 51.7613080739975, 27.631123542785645, 15.617958188056946, 9.518177151679993, 390.2129353284836, 100.25042355060577, 51.89796018600464]
depth: 64
[181.1078917980194, 52.402708649635315, 28.20627450942993, 15.974974393844604, 9.979936361312866, 8.086903929710388, 177.91673517227173, 52.20106291770935, 28.041611194610596, 15.893409490585327, 9.919304132461548, 8.127171397209167, 170.3345786333084, 51.44576978683472, 28.17778992652893, 15.867684602737427, 9.951155543327332, 8.070181369781494, 388.99961292743683, 100.06738555431366, 51.7613080739975, 27.631123542785645, 15.617958188056946, 9.518177151679993, 390.2129353284836, 100.25042355060577, 51.89796018600464, 27.697391152381897]
depth: 64
[181.1078917980194, 52.402708649635315, 28.20627450942993, 15.974974393844604, 9.979936361312866, 8.086903929710388, 177.91673517227173, 52.20106291770935, 28.041611194610596, 15.893409490585327, 9.919304132461548, 8.127171397209167, 170.3345786333084, 51.44576978683472, 28.17778992652893, 15.867684602737427, 9.951155543327332, 8.070181369781494, 388.99961292743683, 100.06738555431366, 51.7613080739975, 27.631123542785645, 15.617958188056946, 9.518177151679993, 390.2129353284836, 100.25042355060577, 51.89796018600464, 27.697391152381897, 15.59718942642212]
depth: 64
[181.1078917980194, 52.402708649635315, 28.20627450942993, 15.974974393844604, 9.979936361312866, 8.086903929710388, 177.91673517227173, 52.20106291770935, 28.041611194610596, 15.893409490585327, 9.919304132461548, 8.127171397209167, 170.3345786333084, 51.44576978683472, 28.17778992652893, 15.867684602737427, 9.951155543327332, 8.070181369781494, 388.99961292743683, 100.06738555431366, 51.7613080739975, 27.631123542785645, 15.617958188056946, 9.518177151679993, 390.2129353284836, 100.25042355060577, 51.89796018600464, 27.697391152381897, 15.59718942642212, 9.5387202501297]
depth: 64
[181.1078917980194, 52.402708649635315, 28.20627450942993, 15.974974393844604, 9.979936361312866, 8.086903929710388, 177.91673517227173, 52.20106291770935, 28.041611194610596, 15.893409490585327, 9.919304132461548, 8.127171397209167, 170.3345786333084, 51.44576978683472, 28.17778992652893, 15.867684602737427, 9.951155543327332, 8.070181369781494, 388.99961292743683, 100.06738555431366, 51.7613080739975, 27.631123542785645, 15.617958188056946, 9.518177151679993, 390.2129353284836, 100.25042355060577, 51.89796018600464, 27.697391152381897, 15.59718942642212, 9.5387202501297, 1349.2269395589828]
depth: 64
[181.1078917980194, 52.402708649635315, 28.20627450942993, 15.974974393844604, 9.979936361312866, 8.086903929710388, 177.91673517227173, 52.20106291770935, 28.041611194610596, 15.893409490585327, 9.919304132461548, 8.127171397209167, 170.3345786333084, 51.44576978683472, 28.17778992652893, 15.867684602737427, 9.951155543327332, 8.070181369781494, 388.99961292743683, 100.06738555431366, 51.7613080739975, 27.631123542785645, 15.617958188056946, 9.518177151679993, 390.2129353284836, 100.25042355060577, 51.89796018600464, 27.697391152381897, 15.59718942642212, 9.5387202501297, 1349.2269395589828, 331.8654690980911]
depth: 64
[181.1078917980194, 52.402708649635315, 28.20627450942993, 15.974974393844604, 9.979936361312866, 8.086903929710388, 177.91673517227173, 52.20106291770935, 28.041611194610596, 15.893409490585327, 9.919304132461548, 8.127171397209167, 170.3345786333084, 51.44576978683472, 28.17778992652893, 15.867684602737427, 9.951155543327332, 8.070181369781494, 388.99961292743683, 100.06738555431366, 51.7613080739975, 27.631123542785645, 15.617958188056946, 9.518177151679993, 390.2129353284836, 100.25042355060577, 51.89796018600464, 27.697391152381897, 15.59718942642212, 9.5387202501297, 1349.2269395589828, 331.8654690980911, 168.16926872730255]
depth: 64
[181.1078917980194, 52.402708649635315, 28.20627450942993, 15.974974393844604, 9.979936361312866, 8.086903929710388, 177.91673517227173, 52.20106291770935, 28.041611194610596, 15.893409490585327, 9.919304132461548, 8.127171397209167, 170.3345786333084, 51.44576978683472, 28.17778992652893, 15.867684602737427, 9.951155543327332, 8.070181369781494, 388.99961292743683, 100.06738555431366, 51.7613080739975, 27.631123542785645, 15.617958188056946, 9.518177151679993, 390.2129353284836, 100.25042355060577, 51.89796018600464, 27.697391152381897, 15.59718942642212, 9.5387202501297, 1349.2269395589828, 331.8654690980911, 168.16926872730255, 86.0573548078537]
depth: 64
[181.1078917980194, 52.402708649635315, 28.20627450942993, 15.974974393844604, 9.979936361312866, 8.086903929710388, 177.91673517227173, 52.20106291770935, 28.041611194610596, 15.893409490585327, 9.919304132461548, 8.127171397209167, 170.3345786333084, 51.44576978683472, 28.17778992652893, 15.867684602737427, 9.951155543327332, 8.070181369781494, 388.99961292743683, 100.06738555431366, 51.7613080739975, 27.631123542785645, 15.617958188056946, 9.518177151679993, 390.2129353284836, 100.25042355060577, 51.89796018600464, 27.697391152381897, 15.59718942642212, 9.5387202501297, 1349.2269395589828, 331.8654690980911, 168.16926872730255, 86.0573548078537, 45.03082096576691]
depth: 64
[181.1078917980194, 52.402708649635315, 28.20627450942993, 15.974974393844604, 9.979936361312866, 8.086903929710388, 177.91673517227173, 52.20106291770935, 28.041611194610596, 15.893409490585327, 9.919304132461548, 8.127171397209167, 170.3345786333084, 51.44576978683472, 28.17778992652893, 15.867684602737427, 9.951155543327332, 8.070181369781494, 388.99961292743683, 100.06738555431366, 51.7613080739975, 27.631123542785645, 15.617958188056946, 9.518177151679993, 390.2129353284836, 100.25042355060577, 51.89796018600464, 27.697391152381897, 15.59718942642212, 9.5387202501297, 1349.2269395589828, 331.8654690980911, 168.16926872730255, 86.0573548078537, 45.03082096576691, 24.2794029712677]
